50
5
17 28 85 96 97
12
7
6 8 37 53 53 69 92
65
3
13 78 86
11
4
58 75 84 96
98
9
3 15 21 28 32 35 62 97 99
52
1
10
10
3
7 19 57
31
4
3 20 39 93
53
9
4 25 26 41 44 50 82 97 100
98
6
41 46 51 53 77 91
59
2
25 34
79
1
70
26
3
18 34 38
83
4
34 36 49 94
100
3
19 59 88
20
5
5 5 18 62 84
46
7
4 6 65 68 71 92 97
3
6
5 26 37 39 56 56
91
9
1 2 19 46 74 77 80 93 95
60
6
10 18 26 27 28 29
78
9
4 8 14 16 24 43 52 79 95
9
5
36 45 47 80 97
76
8
17 34 35 46 76 82 82 97
22
5
17 21 25 66 85
46
7
7 19 37 45 52 89 99
60
11
10 13 32 42 57 70 74 80 84 91 95
28
2
54 82
68
4
23 41 58 90
97
1
74
11
1
12
58
4
7 48 79 85
72
8
16 17 21 33 67 82 86 98
34
11
6 24 25 44 55 71 77 90 95 96 98
64
8
8 9 42 56 56 68 89 95
31
2
80 93
29
7
1 24 34 34 84 94 98
24
3
24 30 37
55
2
4 94
66
10
1 4 11 28 53 58 77 86 90 93
68
6
4 4 7 59 86 98
56
5
11 20 47 72 99
93
8
19 38 40 48 57 85 88 95
77
10
21 28 34 52 58 67 69 74 88 97
82
1
5
13
1
76
79
11
18 22 24 35 43 54 62 68 79 82 93
59
9
8 12 28 43 49 66 69 72 88
28
1
47
2
3
25 31 71
2
3
22 39 67
81
